948 2 0 17.508 5.728813084214233 4.065145332563742 7.7143030227065035
148 18 5 11.261 4.025586503810656 2.7602136552387644 4.475429994557087
1619 16 1 10.434 4.005489267075715 2.859397791650796 3.5693872415459222
3620 13 6 8.780 2.1687435618692015 2.118573467389107 4.492421620570117
2056 12 2 8.754 3.5307620011281275 3.371647852224043 1.851150528257731
3707 51 9 8.733 2.7316209837440715 3.2362585201678487 2.7648065702304065
5406 18 6 8.727 3.3837126692968886 3.5590418647913924 1.783827393297515
5460 45 12 8.580 2.824426735883912 2.517767351885338 3.2379911447199965
1678 62 10 8.169 2.978888037886763 2.0832293755348923 3.1063830003836284
3538 67 16 8.168 3.133193000252302 2.475422825140755 2.5593123087089995
7521 11 5 8.085 2.514978237352733 1.938572921488816 3.6319382983553603
225 11 3 8.079 2.8508149130910483 2.953802517796931 2.2739037467969316
254 36 3 7.970 3.2810492940660203 2.349526529093846 2.3394751408459253
1983 17 2 7.930 2.4968112205911503 2.284403971665035 3.14906227852238
1323 37 2 7.925 2.872322283009818 2.4971732649428446 2.555033710761925
1114 12 2 7.892 2.7733109942876566 2.637313248557571 2.4814158604825054
5172 14 3 7.834 2.937612129162707 2.8301051147370098 2.0661811839372235
346 12 9 7.802 2.356431872849622 1.542470641997642 3.9030681524936806
3310 20 6 7.700 2.482439529353414 2.261405425096704 2.956428649735394
4488 8 5 7.666 3.0999746944875857 3.1291094693325245 1.4369266622632455
973 32 7 7.630 2.9350260186924353 2.729275780701102 1.9657293957143724
971 32 6 7.607 2.908717628593002 2.632955342618099 2.0652964450362616
3847 14 10 7.204 1.7442927674767594 2.619862852360019 2.840253444713827
33 56 17 7.201 2.396726465345657 1.9356882924501777 2.8683633480801896
2046 14 9 7.154 2.6313738072689974 2.5613489856953 1.9608313225825436
364 42 4 7.094 2.6733453239441634 1.839638295493043 2.5807271801948235
180 21 9 7.064 2.136206053954044 2.63232790648954 2.295956642278269
2767 44 12 6.999 2.483022152053322 2.258088389342551 2.258316629182823
649 22 8 6.957 2.4604406525394475 2.210053666253828 2.286988896328234
3005 7 7 6.905 1.9648213436519244 1.5633304672297579 3.376673478288827
977 8 6 6.778 1.698824306614783 1.0764780014410265 4.003119095714502
5687 39 10 6.766 2.454336945792872 2.02947654395243 2.2822683079049932
6377 8 8 6.746 2.1096397037217605 1.51680563289211 3.1195164971716998
1676 28 2 6.745 2.363854157545755 3.187591257901037 1.1933200829492308
604 23 8 6.654 2.44568481732394 2.326774167416752 1.881894742247095
179 40 10 6.645 2.6808669020883946 2.114748651207518 1.8492923283442484
1262 9 6 6.625 1.9027949369193227 1.2880963734659838 3.4342626749758276
5949 7 4 6.610 2.296621063599696 1.6792757962060432 2.6342189537610525
133 28 12 6.583 2.417908364584019 2.489009608434835 1.6757348983166624
78 44 7 6.573 2.6713577379043647 2.098421357179442 1.8027949001765449
4761 15 3 6.554 2.4047954962977465 3.195152331083638 0.9538735692375797
5411 8 4 6.530 1.426495603680119 2.2614497407929792 2.8423034906470717
6443 11 6 6.476 2.4881726090480236 1.7696704503686713 2.2178956830538694
4451 15 1 6.462 2.4714857772833394 2.338431424713131 1.6523690430798785
2075 43 19 6.458 2.1319491210204413 2.2339144675523914 2.0923838893618747
359 60 8 6.351 2.208639090042332 2.0195596196649075 2.122919278373789
910 38 20 6.340 2.3737872849060717 1.8010502358370164 2.1650850505147514
118 40 7 6.312 2.0210993522389713 2.5710155771943484 1.719646359899081
6329 10 7 6.293 1.5712025779222594 1.6101195092289335 3.112014889237395
195 45 11 6.284 2.325220812271962 2.3285075193865117 1.6299410558249066
3676 9 3 6.278 2.0753793918725094 2.016367961867956 2.1858702611228904
525 13 3 6.277 2.0104265625989868 1.472841275911639 2.794136773419436
4338 40 13 6.262 2.2357619747918522 2.282928792631431 1.743679290905202
5401 2 1 6.226 3.0628736022532754 3.7919437812911134 -0.6289034386956841
2481 23 8 6.211 2.3225375410033453 2.364882060935096 1.5237078075047952
222 11 6 6.184 2.333000018845862 2.891943220115843 0.9591000767242737
223 7 4 6.146 2.1734116941009276 2.029479404758545 1.9428239036975843
3015 7 7 6.140 2.42701782996302 2.374877526589753 1.3386012780969687
7605 5 4 6.109 1.8942772133207868 2.8456290447827364 1.3687027277902875
20 8 4 6.101 2.3523395421524547 2.827008615480738 0.9212502834373771
7457 37 16 6.087 2.0126797708235373 1.6533672628294027 2.421036675662507
1817 13 6 6.046 1.8436857849786161 2.1888917225088385 2.0132651302383464
2106 6 4 6.024 1.5225263188571765 1.5956083054413173 2.9061904241625207
4946 6 6 6.015 1.8651762141737929 2.2089650618100776 1.941144738211774
2478 42 7 6.013 1.876889097789925 1.9294174526295838 2.206537263048111
2851 31 17 6.003 2.3856095918784717 1.6343875346203647 1.983263389289678
1310 19 6 5.986 1.6560612649421456 2.7088247996836694 1.6207812214102422
4564 9 7 5.973 1.3978915420313873 1.6358910557140227 2.939365255488373
2147 9 4 5.949 2.6072145589249116 1.2759076447420017 2.066244551933689
1410 13 4 5.929 2.239203819528907 1.5466200010935314 2.1435298750331553
3683 10 3 5.910 2.538198729828445 1.9425236044091234 1.4289857980998042
5015 11 5 5.909 1.9698293410769385 0.8395347212824985 3.0998066998759346
6161 21 12 5.896 2.203774678347641 1.8013876045700734 1.8907594365369138
5050 54 15 5.887 1.9258851861252364 2.005326197853798 1.9555481679312017
1421 25 5 5.881 2.209376466552849 1.304420276001101 2.3669836138711275
2534 23 8 5.873 2.054664175146909 1.6272446149026216 2.1909383186341427
2791 9 5 5.862 2.183415083692831 1.9627936415232892 1.7162622511162429
6321 7 4 5.845 1.4368660092319128 1.6826134033040336 2.7255978713824414
2363 7 4 5.831 1.3965193895939438 1.3481901417568847 3.0863074615622628
1726 23 6 5.810 1.7263320395090402 2.0155867572846167 2.067940045741809
5404 6 4 5.807 2.240355776626526 2.3151460639376125 1.2514845728968969
5803 9 6 5.794 2.2017605772944027 2.3218843454878604 1.2699622112967055
3236 12 4 5.786 2.218878925312499 2.906211798652981 0.6609327121259791
1787 10 4 5.785 1.8761898229831075 1.8244891637120193 2.083946691882697
103 7 6 5.762 2.0065702979542865 2.7180046340465274 1.037700991240986
368 29 13 5.742 2.052933906808359 1.5624519272064867 2.1268197601060526
2077 6 4 5.688 2.222735418906977 2.4189760781948273 1.0464133968356426
230 48 16 5.679 1.976005120311137 2.2030930427828084 1.4998646840867529
3572 6 9 5.678 1.2520761246872019 0.7754634696500669 3.6503785302665697
2990 9 3 5.674 2.3276441664371244 1.015354438493188 2.330940647493223
1690 48 17 5.671 2.393152414561074 1.8943317088590599 1.383472110426761
7130 11 5 5.663 2.1108123111197044 2.431679000131982 1.1204777038443519
4944 7 5 5.653 2.345962577156033 1.0919902095220628 2.2153640004624817
2539 8 4 5.648 2.0284343309818498 1.8625934504471517 1.7572805625335248
1241 8 6 5.645 2.6718156413808214 2.0198598028231953 0.9535437015381074
1325 11 4 5.642 2.3190790298566917 1.766069624979235 1.5564793889806787
1796 12 5 5.634 2.0455207660103882 1.690667604811765 1.8975949011006918
6768 7 3 5.585 1.596527920740271 1.8401792478986312 2.148736632160411
548 35 21 5.578 1.5794591411915413 1.598678446468012 2.399426875911145
2826 7 5 5.575 2.0881825232191447 1.6201207914596794 1.8665855771778674